ThickChord,Camber,CamberLoc,TotalChord,TotalSpan,Twist,XLoc,"outputs[""SM""]","outputs[""Cl""]","outputs[""Cd/Cl""]","outputs[""max_RCS""]","outputs[""Tot_Obj""]"
0.1,0.0,0.1,2.0,13.0,0.0,2.0,-0.390921180453363,0.0,inf,652.5784483965008,inf
0.1,0.0,0.1,2.0,12.0,4.0,4.0,8.870661721153601,0.060360000468,0.04773121270148761,1083.123646798003,541.5856890053523
0.1,0.0,0.1,2.0,6.0,1.0,3.0,-1.4729360120296775,0.004625629121,0.19718338287415846,724.9191265930925,362.55815498798336
0.1,0.0,0.1,1.0,8.0,0.0,0.0,-24.963675972820756,0.0,inf,0.794261895632329,inf
0.1,0.0,0.1,2.0,4.0,3.0,5.0,11.377650255862575,0.005951721828,0.11265821713064106,1.524734730403648,0.8186964737671445
0.1,0.0,0.1,1.0,15.0,5.0,2.0,1.7405901365487253,0.065682163215,0.0279339614621735,305.0413220297536,152.53462799560788
0.1,0.0,0.1,2.0,6.0,1.0,3.0,-1.4709041982411808,0.0046256364,0.1971830537739629,724.9191265930925,362.55815482343326
0.1,0.0,0.1,2.0,12.0,4.0,4.0,8.870737722828785,0.060359139006,0.04773101933600501,1083.123646798003,541.5856889086695
0.1,0.0,0.1,1.0,2.0,2.0,0.0,-32.59802831189115,0.001263048262,0.13091945412929915,5.43206313319356,2.7814912936614293
0.1,0.0,0.1,1.0,8.0,2.0,2.0,-8.47987171638092,0.011955233276,0.05885247964274019,0.794261895632329,0.4265571876375346
0.1,0.0,0.1,1.0,13.0,2.0,1.0,-10.15227880307307,0.021506854215,0.05305030850138211,532.9872547573164,266.52015253290887
0.1,0.0,0.1,2.0,13.0,0.0,2.0,-0.3906312406640388,0.0,inf,652.5784483965008,inf
0.1,0.0,0.1,2.0,12.0,4.0,4.0,8.87071647307688,0.060359528689,0.047731447620217186,1083.123646798003,541.5856891228116
0.1,0.0,0.1,2.0,6.0,1.0,3.0,-1.4699382909805792,0.004625675935,0.19718152088836288,724.9191265930925,362.5581540569904
0.1,0.0,0.1,2.0,4.0,3.0,5.0,11.377451569822616,0.005951752341,0.11265748817890875,1.524734730403648,0.8186961092912783
0.1,0.0,0.1,1.0,8.0,0.0,0.0,-24.96362519346885,0.0,inf,0.794261895632329,inf
0.1,0.0,0.1,1.0,13.0,5.0,2.0,-1.7538657959299275,0.057961122187,0.029719232858233892,532.9872547573164,266.5084869950873
0.1,0.0,0.1,1.0,10.0,4.0,3.0,2.4970574308602167,0.031361340002,0.03716830281887392,623.701814902236,311.86949160252743
0.1,0.0,0.1,2.0,4.0,0.0,2.0,-11.440341341453152,0.0,inf,1.524734730403648,inf
0.1,0.0,0.1,1.0,8.0,3.0,5.0,18.950187868934307,0.017501509188,0.04618472660370437,0.794261895632329,0.42022331111801664
0.1,0.0,0.1,1.0,2.0,1.0,3.0,-15.609529906772647,0.000611820353,0.2528846273932309,16.968034486377988,8.61045955688561
0.1,0.0,0.1,1.0,11.0,1.0,4.0,11.458492581807205,0.00865416211,0.10237997991465865,1.1146899325561177,0.6085349562353882
0.1,0.0,0.1,2.0,6.0,1.0,3.0,-1.4716093003452624,0.004625688861,0.19718111256683593,724.9191265930925,362.55815385282966
0.1,0.0,0.1,2.0,12.0,4.0,4.0,8.870625470874929,0.060359975572,0.04773124451588537,1083.123646798003,541.5856890212594
0.1,0.0,0.1,2.0,13.0,0.0,2.0,-0.39032423099875757,0.0,inf,652.5784483965008,inf
0.1,0.0,0.1,2.0,15.0,1.0,1.0,-3.61299726298673,0.020475846154,0.11554456227137758,626.6957830769787,313.40566381962503
0.1,0.0,0.1,2.0,13.0,0.0,1.0,-5.227410991197776,0.0,inf,652.5784483965008,inf
0.1,0.0,0.1,2.0,11.0,5.0,2.0,-2.313401446243022,0.071362928459,0.04406358651336187,857.3244664396834,428.6842650130984
0.1,0.0,0.1,1.0,8.0,0.0,0.0,-24.963636962839022,0.0,inf,0.794261895632329,inf
0.1,0.0,0.1,1.0,8.0,2.0,2.0,-8.479523926484992,0.011958418647,0.05884032268568562,0.794261895632329,0.4265511091590073
0.1,0.0,0.1,2.0,6.0,1.0,4.0,6.136607002390999,0.004502147439,0.20226671679199085,724.9191265930925,362.56069665494226
0.1,0.0,0.1,2.0,11.0,4.0,3.0,3.15669334838792,0.05718939746,0.0619531088166845,857.3244664396834,428.6932097742501
0.1,0.0,0.1,2.0,4.0,3.0,5.0,11.37761134348838,0.005951788235,0.11265638603487713,1.524734730403648,0.8186955582192625
0.1,0.0,0.1,2.0,13.0,0.0,2.0,-0.3905990941505788,0.0,inf,652.5784483965008,inf
0.1,0.0,0.1,2.0,2.0,5.0,5.0,6.580329917485458,0.00274269506,0.1424300928299335,1018.130085966601,509.13625802971546
0.1,0.0,0.1,1.0,13.0,2.0,1.0,-10.152304442618316,0.021506833566,0.05305035827327516,532.9872547573164,266.5201525577948
0.1,0.0,0.1,2.0,12.0,4.0,4.0,8.870711909217732,0.060358770545,0.047730903048333446,1083.123646798003,541.5856888505257
0.1,0.0,0.1,1.0,13.0,5.0,3.0,5.44830023603895,0.055285778424,0.0317298083884532,532.9872547573164,266.5094922828524
0.1,0.0,0.1,2.0,6.0,1.0,3.0,-1.4711695414617587,0.00462569836,0.19718062485163862,724.9191265930925,362.5581536089721
0.1,0.0,0.1,1.0,2.0,1.0,3.0,-15.609586382254678,0.000611815375,0.2528865950778043,16.968034486377988,8.610460540727896
0.1,0.0,0.1,2.0,4.0,0.0,0.0,-23.691709155038826,0.0,inf,1.524734730403648,inf
0.1,0.0,0.1,1.0,8.0,4.0,2.0,-1.5206237701199043,0.02377907858,0.03920546382247583,0.794261895632329,0.4167336797274024
0.1,0.0,0.1,2.0,15.0,1.0,1.0,-3.61303870948523,0.020475810734,0.11554474861752255,626.6957830769787,313.4056639127981
0.1,0.0,0.1,2.0,11.0,4.0,3.0,3.1563982810743423,0.057189958854,0.06195338230693947,857.3244664396834,428.69320991099517
0.1,0.0,0.1,1.0,10.0,4.0,3.0,2.496964387649836,0.031361453009,0.03716810670938898,623.701814902236,311.8694915044727
0.1,0.0,0.1,1.0,8.0,3.0,5.0,18.946937330666362,0.01750146785,0.04618473427073147,0.794261895632329,0.4202233149515302
0.1,0.0,0.1,2.0,6.0,1.0,0.0,-20.36610819372363,0.004679987214,0.1955450423587418,724.9191265930925,362.55733581772563
0.1,0.0,0.1,2.0,13.0,0.0,2.0,-0.39068571089677206,0.0,inf,652.5784483965008,inf
0.1,0.0,0.1,2.0,2.0,5.0,5.0,6.579761669812764,0.002742638926,0.14243355561562535,1018.130085966601,509.1362597611083
0.1,0.0,0.1,2.0,12.0,4.0,4.0,8.870726781523528,0.060359007438,0.04773081928093849,1083.123646798003,541.585688808642
0.1,0.0,0.1,2.0,11.0,5.0,2.0,-2.3165038665564452,0.071360162507,0.044061501873563835,857.3244664396834,428.6842639707785
0.1,0.0,0.1,2.0,13.0,1.0,2.0,-0.39756048705534397,0.016783994683,0.12139894563144624,652.5784483965008,326.3499236710661
0.1,0.0,0.1,2.0,13.0,0.0,2.0,-0.3909288707520986,0.0,inf,652.5784483965008,inf
0.1,0.0,0.1,2.0,13.0,0.0,2.0,-0.39024040687036354,0.0,inf,652.5784483965008,inf
0.1,0.0,0.1,1.0,11.0,1.0,4.0,11.458775593134343,0.008654229288,0.10237930467460016,1.1146899325561177,0.608534618615359
0.1,0.0,0.1,1.0,13.0,4.0,5.0,21.378960834168623,0.042760997121,0.034857366323387144,532.9872547573164,266.5110560618199
0.1,0.0,0.1,2.0,4.0,3.0,5.0,11.37765292564823,0.005951674924,0.11265858763491834,1.524734730403648,0.8186966590192832
0.1,0.0,0.1,2.0,8.0,0.0,0.0,-17.009997019339103,0.0,inf,0.5453057360371221,inf
0.1,0.0,0.1,1.0,13.0,5.0,3.0,5.448253405748327,0.055285892885,0.03172983279204572,532.9872547573164,266.5094922950542
0.1,0.0,0.1,2.0,13.0,0.0,2.0,-0.3905991259831687,0.0,inf,652.5784483965008,inf
0.1,0.0,0.1,2.0,5.0,0.0,2.0,-9.708874206213238,0.0,inf,0.9543683944771795,inf
0.1,0.0,0.1,2.0,14.0,1.0,1.0,-4.2923354643166345,0.018452212233,0.11920944622922168,1702.471315184154,851.2952623151916
0.1,0.0,0.1,1.0,10.0,4.0,3.0,2.4969518090327725,0.031361526415,0.03716814531203678,623.701814902236,311.86949152377406
0.1,0.0,0.1,2.0,3.0,4.0,3.0,-11.269843719493293,0.005628434894,0.10612166565819746,1.6621718280501512,0.8841467468541743
0.1,0.0,0.1,2.0,12.0,0.0,2.0,-1.1118919131797966,0.0,inf,1082.622420112703,inf
0.1,0.0,0.1,2.0,6.0,1.0,4.0,6.152383575908216,0.004502124262,0.202267678990154,724.9191265930925,362.56069713604137
0.1,0.0,0.1,2.0,12.0,4.0,4.0,8.870494622324516,0.060360187561,0.04773114228792614,1083.123646798003,541.5856889701454
0.1,0.0,0.1,2.0,12.0,4.0,4.0,8.870612203725514,0.060359939854,0.04773130304584084,1083.123646798003,541.5856890505244
0.1,0.0,0.1,1.0,8.0,3.0,5.0,18.949771875371486,0.017501529062,0.04618465650267192,0.794261895632329,0.42022327606750043
0.1,0.0,0.1,2.0,13.0,0.0,2.0,-0.3909426758910683,0.0,inf,652.5784483965008,inf
0.1,0.0,0.1,2.0,4.0,3.0,5.0,11.377650933637247,0.005951687059,0.11265866490511661,1.524734730403648,0.8186966976543824
0.1,0.0,0.1,2.0,15.0,0.0,2.0,0.7921452499263903,0.0,inf,626.6957830769787,inf
0.1,0.0,0.1,2.0,15.0,1.0,1.0,-3.6129720244154484,0.020475850931,0.11554454478949734,626.6957830769787,313.4056638108841
0.1,0.0,0.1,2.0,13.0,0.0,2.0,-0.39026849793595275,0.0,inf,652.5784483965008,inf
0.1,0.0,0.1,2.0,15.0,0.0,2.0,0.7920576021804581,0.0,inf,626.6957830769787,inf
0.1,0.0,0.1,2.0,11.0,5.0,3.0,3.529995640617436,0.070398469392,0.0455035601720629,857.3244664396834,428.68498499992774
0.1,0.0,0.1,2.0,11.0,5.0,2.0,-2.314135538954094,0.071361135267,0.04406337323859941,857.3244664396834,428.684264906461
0.1,0.0,0.1,2.0,13.0,0.0,2.0,-0.39034116924614004,0.0,inf,652.5784483965008,inf
0.1,0.0,0.1,2.0,8.0,0.0,0.0,-17.00975761466458,0.0,inf,0.5453057360371221,inf
0.1,0.0,0.1,1.0,13.0,4.0,5.0,21.37934970941175,0.042758629403,0.03485900773272735,532.9872547573164,266.51105688252454
0.1,0.0,0.1,2.0,13.0,3.0,5.0,14.277814002672509,0.044952220552,0.054433865845835996,652.5784483965008,326.3164411311733
0.1,0.0,0.1,1.0,8.0,3.0,5.0,18.948739671376707,0.017501569124,0.04618464174686878,0.794261895632329,0.42022326868959886
0.1,0.0,0.1,2.0,12.0,4.0,4.0,8.870518840198649,0.0603599478,0.047731208657539624,1083.123646798003,541.5856890033302
0.1,0.0,0.1,1.0,2.0,0.0,2.0,-19.01713610622456,0.0,inf,9.045350115765828,inf
0.1,0.0,0.1,2.0,13.0,1.0,3.0,4.552360899327876,0.016505577752,0.12335686830188579,652.5784483965008,326.35090263240136
0.1,0.0,0.1,2.0,4.0,3.0,5.0,11.377113100616834,0.00595175216,0.11265682323035442,1.524734730403648,0.8186957768170012
0.1,0.0,0.1,2.0,15.0,1.0,1.0,-3.6130302982130087,0.020475762989,0.11554501638209991,626.6957830769787,313.4056640466804
0.1,0.0,0.1,2.0,6.0,1.0,0.0,-20.366232236227937,0.004680019123,0.19554384543056494,724.9191265930925,362.5573352192616
0.1,0.0,0.1,1.0,13.0,5.0,3.0,5.448466159407639,0.055285846419,0.03172982871068305,532.9872547573164,266.5094922930135
0.1,0.0,0.1,2.0,12.0,0.0,2.0,-1.111752449846115,0.0,inf,1082.622420112703,inf
0.1,0.0,0.1,2.0,12.0,4.0,4.0,8.870600881376562,0.060359927363,0.0477312898120891,1083.123646798003,541.5856890439076
0.1,0.0,0.1,2.0,13.0,0.0,2.0,-0.3906590233755303,0.0,inf,652.5784483965008,inf
0.1,0.0,0.1,2.0,12.0,0.0,0.0,-10.952160910934792,0.0,inf,1086.1104380827157,inf
0.1,0.0,0.1,2.0,4.0,4.0,4.0,1.3902998598029281,0.009062514959,0.09025192826718952,1.524734730403648,0.8074933293354187
0.1,0.0,0.1,1.0,9.0,4.0,3.0,0.9839618113149661,0.027585801209,0.03808637081228667,856.3083359596955,428.17321116525386
0.1,0.0,0.1,2.0,6.0,1.0,4.0,6.1493050387385395,0.004502125179,0.20226765867098073,724.9191265930925,362.56069712588175
0.1,0.0,0.1,2.0,14.0,0.0,0.0,-8.792132519872467,0.0,inf,1702.471315184154,inf
0.1,0.0,0.1,2.0,4.0,1.0,1.0,-17.406879103858948,0.00206609741,0.29080701911339213,1.524734730403648,0.90777087475852
0.1,0.0,0.1,2.0,12.0,0.0,2.0,-1.1118678025669126,0.0,inf,1082.622420112703,inf
0.1,0.0,0.1,2.0,13.0,0.0,2.0,-0.39069770423237665,0.0,inf,652.5784483965008,inf
0.1,0.0,0.1,2.0,13.0,1.0,2.0,-0.398185268412563,0.016783970014,0.12139916296921476,652.5784483965008,326.349923779735
0.1,0.0,0.1,1.0,10.0,4.0,4.0,11.193152720490476,0.032349914004,0.037028317845045476,623.701814902236,311.86942161004055
0.1,0.0,0.1,2.0,12.0,4.0,2.0,1.6700377880539197,0.064687769543,0.04149443370768472,1081.6664808028247,540.8539876182662
0.1,0.0,0.1,2.0,5.0,0.0,4.0,3.4735112648223065,0.0,inf,0.9543683944771795,inf
0.1,0.0,0.1,2.0,12.0,4.0,2.0,1.6721241333942503,0.064703173039,0.041484964089505874,1081.6664808028247,540.8539828834571
0.1,0.0,0.1,2.0,12.0,4.0,4.0,8.870600488037628,0.060360090713,0.04773117767000796,1083.123646798003,541.5856889878364
0.1,0.0,0.1,1.0,10.0,4.0,3.0,2.4968489214718392,0.031361593648,0.037168068405042165,623.701814902236,311.86949148532057
0.1,0.0,0.1,1.0,2.0,1.0,3.0,-15.609874084760406,0.000611817606,0.2528857268615444,16.968034486377988,8.610460106619767
0.1,0.0,0.1,2.0,9.0,0.0,2.0,-3.9811357481143927,0.0,inf,4.742436161531481,inf
0.1,0.0,0.1,2.0,15.0,1.0,1.0,-3.6129304258953,0.0204758024,0.11554479725785985,626.6957830769787,313.4056639371183
0.1,0.0,0.1,2.0,4.0,3.0,5.0,11.377488936945337,0.005951682017,0.11265840716705078,1.524734730403648,0.8186965687853494
0.1,0.0,0.1,1.0,13.0,0.0,2.0,-2.4381538175578132,0.0,inf,532.9872547573164,inf
0.1,0.0,0.1,2.0,13.0,4.0,5.0,14.600401824373233,0.060449002076,0.04662136533630078,652.5784483965008,326.3125348809185
0.1,0.0,0.1,2.0,15.0,0.0,2.0,0.7920016279399801,0.0,inf,626.6957830769787,inf
0.1,0.0,0.1,2.0,13.0,0.0,2.0,-0.3905968423036299,0.0,inf,652.5784483965008,inf
0.1,0.0,0.1,2.0,2.0,5.0,5.0,6.580834163279619,0.002742635457,0.14243366029669177,1018.130085966601,509.1362598134488
0.1,0.0,0.1,2.0,12.0,0.0,0.0,-10.952320025443504,0.0,inf,1086.1104380827157,inf
0.1,0.0,0.1,2.0,7.0,5.0,2.0,-8.047039016516111,0.034963915739,0.054775179939693316,614.5617591494271,307.3082671646834
0.1,0.0,0.1,2.0,13.0,3.0,5.0,14.277958953869154,0.044950912543,0.05443488364467128,652.5784483965008,326.31644164007275
0.1,0.0,0.1,2.0,15.0,5.0,2.0,-0.15830120109432855,0.111132016203,0.036108291139701966,629.0201191987221,314.5281137449309
0.1,0.0,0.1,2.0,6.0,0.0,2.0,-8.046842148383812,0.0,inf,724.9191265930925,inf
0.1,0.0,0.1,2.0,12.0,4.0,0.0,-19.495104111717673,0.065548137184,0.04428315623755865,1086.1868528513055,543.1155680037715
0.1,0.0,0.1,2.0,12.0,0.0,2.0,-1.1118371523265136,0.0,inf,1082.622420112703,inf
0.1,0.0,0.1,2.0,5.0,0.0,4.0,3.479415726069046,0.0,inf,0.9543683944771795,inf
0.1,0.0,0.1,2.0,12.0,4.0,4.0,8.870639834426246,0.060359794184,0.04773128541852617,1083.123646798003,541.5856890417107
0.1,0.0,0.1,1.0,13.0,0.0,2.0,-2.438196560023016,0.0,inf,532.9872547573164,inf
0.1,0.0,0.1,2.0,9.0,0.0,2.0,-3.979972637413258,0.0,inf,4.742436161531481,inf
0.1,0.0,0.1,2.0,12.0,4.0,4.0,8.870602719975622,0.060359172915,0.047730950506182895,1083.123646798003,541.5856888742545
0.1,0.0,0.1,2.0,15.0,0.0,2.0,0.7922085748784992,0.0,inf,626.6957830769787,inf
0.1,0.0,0.1,1.0,2.0,1.0,3.0,-15.60973886547201,0.000611817127,0.2528859428284687,16.968034486377988,8.61046021460323
0.1,0.0,0.1,2.0,12.0,0.0,0.0,-10.952155164778056,0.0,inf,1086.1104380827157,inf
0.1,0.0,0.1,2.0,13.0,0.0,2.0,-0.39064232494663287,0.0,inf,652.5784483965008,inf
0.1,0.0,0.1,2.0,13.0,3.0,5.0,14.277973832175677,0.044950687204,0.05443507181314593,652.5784483965008,326.31644173415697
0.1,0.0,0.1,2.0,15.0,1.0,1.0,-3.6129863934156554,0.020475820804,0.11554466190375243,626.6957830769787,313.40566386944124
0.1,0.0,0.1,2.0,11.0,5.0,2.0,-2.3164992182927246,0.071359238799,0.04406148231003918,857.3244664396834,428.6842639609967
0.1,0.0,0.1,2.0,13.0,0.0,2.0,-0.390636854858899,0.0,inf,652.5784483965008,inf
0.1,0.0,0.1,1.0,2.0,0.0,2.0,-19.188945061880638,0.0,inf,9.045350115765828,inf
0.1,0.0,0.1,2.0,14.0,0.0,0.0,-8.792071106818119,0.0,inf,1702.471315184154,inf
0.1,0.0,0.1,2.0,12.0,4.0,2.0,1.6889216140576746,0.064792982702,0.04142774280581382,1081.6664808028247,540.8539542728153
0.1,0.0,0.1,2.0,15.0,0.0,2.0,0.792161576848196,0.0,inf,626.6957830769787,inf
0.1,0.0,0.1,2.0,13.0,0.0,2.0,-0.39096684662162323,0.0,inf,652.5784483965008,inf
0.1,0.0,0.1,1.0,9.0,4.0,2.0,-6.670758278629685,0.027775936711,0.03791493885363498,856.3083359596955,428.17312544927455
0.1,0.0,0.1,2.0,12.0,4.0,5.0,14.515994819362144,0.054465093178,0.047732095922496394,1084.917182312308,542.4824572041152
0.1,0.0,0.1,1.0,10.0,4.0,3.0,2.4969924170974434,0.031361408554,0.0371682255595413,623.701814902236,311.8694915638978
0.1,0.0,0.1,2.0,13.0,0.0,2.0,-0.39030383205172825,0.0,inf,652.5784483965008,inf
0.1,0.0,0.1,1.0,13.0,0.0,2.0,-2.438104491296862,0.0,inf,532.9872547573164,inf
0.1,0.0,0.1,1.0,2.0,1.0,3.0,-15.609569284901953,0.000611819507,0.2528849836100437,16.968034486377988,8.610459734994016
0.1,0.0,0.1,2.0,15.0,1.0,1.0,-3.6130011506881354,0.02047579478,0.11554484055050683,626.6957830769787,313.4056639587646
0.1,0.0,0.1,2.0,13.0,4.0,5.0,14.599954025345339,0.060451294163,0.046620622536232864,652.5784483965008,326.3125345095185
0.1,0.0,0.1,2.0,12.0,0.0,0.0,-10.95208633735831,0.0,inf,1086.1104380827157,inf
0.1,0.0,0.1,2.0,2.0,5.0,5.0,6.581044273199818,0.002742585774,0.14243477075659913,1018.130085966601,509.1362603686788
0.1,0.0,0.1,2.0,15.0,1.0,2.0,1.1037383513112164,0.020178094843,0.11708899251306785,626.6957830769787,313.4064360347459
0.1,0.0,0.1,2.0,13.0,0.0,1.0,-5.22741636199612,0.0,inf,652.5784483965008,inf
0.1,0.0,0.1,2.0,14.0,0.0,0.0,-8.79211120942491,0.0,inf,1702.471315184154,inf
0.1,0.0,0.1,2.0,6.0,1.0,4.0,6.129091539894933,0.004502141911,0.2022669302749129,724.9191265930925,362.56069676168374
0.1,0.0,0.1,2.0,12.0,4.0,4.0,8.870688411954317,0.060359776421,0.04773127832523984,1083.123646798003,541.5856890381641
0.1,0.0,0.1,2.0,13.0,0.0,2.0,-0.39060429085858495,0.0,inf,652.5784483965008,inf
0.1,0.0,0.1,2.0,5.0,0.0,2.0,-9.705061605475326,0.0,inf,0.9543683944771795,inf
0.1,0.0,0.1,2.0,12.0,0.0,4.0,9.050300529044844,0.0,inf,1083.6015729990204,inf
0.1,0.0,0.1,2.0,13.0,0.0,2.0,-0.39031011671459837,0.0,inf,652.5784483965008,inf
0.1,0.0,0.1,2.0,11.0,0.0,2.0,-1.9487343605708585,0.0,inf,857.3244664396834,inf
0.1,0.0,0.1,2.0,12.0,4.0,4.0,8.871933596834607,0.060359563038,0.04773143714089192,1083.123646798003,541.5856891175719
0.1,0.0,0.1,2.0,12.0,4.0,2.0,1.6699679691332747,0.064688168807,0.041494173022711085,1081.6664808028247,540.8539874879237
0.1,0.0,0.1,2.0,15.0,0.0,2.0,0.792127406823484,0.0,inf,626.6957830769787,inf
0.1,0.0,0.1,2.0,11.0,5.0,2.0,-2.316736286319747,0.071357191561,0.04406141195050051,857.3244664396834,428.68426392581694
0.1,0.0,0.1,2.0,13.0,1.0,3.0,4.552207260196788,0.016505576495,0.12335687133477491,652.5784483965008,326.35090263391777
0.1,0.0,0.1,2.0,13.0,0.0,2.0,-0.39096475983367185,0.0,inf,652.5784483965008,inf
0.1,0.0,0.1,2.0,13.0,0.0,2.0,-0.3906511840057192,0.0,inf,652.5784483965008,inf
0.1,0.0,0.1,1.0,2.0,0.0,2.0,-19.176792243102625,0.0,inf,9.045350115765828,inf
0.1,0.0,0.1,2.0,13.0,0.0,2.0,-0.39064571248498936,0.0,inf,652.5784483965008,inf
0.1,0.0,0.1,2.0,12.0,4.0,4.0,8.870808123640055,0.060359925672,0.04773126720956974,1083.123646798003,541.5856890326063
0.1,0.0,0.1,2.0,12.0,0.0,0.0,-10.952252625760469,0.0,inf,1086.1104380827157,inf
0.1,0.0,0.1,2.0,12.0,0.0,2.0,-1.1117675689395323,0.0,inf,1082.622420112703,inf
0.1,0.0,0.1,2.0,5.0,0.0,2.0,-9.705760043281172,0.0,inf,0.9543683944771795,inf
0.1,0.0,0.1,2.0,2.0,5.0,5.0,6.580986346940287,0.002742615138,0.14243337338423165,1018.130085966601,509.1362596699926
0.1,0.0,0.1,2.0,6.0,0.0,2.0,-8.046871811881259,0.0,inf,724.9191265930925,inf
0.1,0.0,0.1,1.0,9.0,4.0,2.0,-6.671389117468052,0.027775525876,0.03791509495451038,856.3083359596955,428.173125527325
0.1,0.0,0.1,2.0,12.0,4.0,4.0,8.870728337932396,0.060360028393,0.04773123341231096,1083.123646798003,541.5856890157077
0.1,0.0,0.1,2.0,13.0,0.0,2.0,-0.39026702917667855,0.0,inf,652.5784483965008,inf
0.1,0.0,0.1,2.0,13.0,0.0,0.0,-9.745929542510693,0.0,inf,652.5784483965008,inf
0.1,0.0,0.1,2.0,5.0,0.0,2.0,-9.705733455575997,0.0,inf,0.9543683944771795,inf
0.1,0.0,0.1,2.0,12.0,4.0,4.0,8.87066906396961,0.060360060255,0.04773125074475624,1083.123646798003,541.5856890243739
0.1,0.0,0.1,2.0,11.0,0.0,2.0,-1.9486427442019494,0.0,inf,857.3244664396834,inf
0.1,0.0,0.1,2.0,12.0,0.0,0.0,-10.95218171262605,0.0,inf,1086.1104380827157,inf
0.1,0.0,0.1,2.0,13.0,0.0,1.0,-5.227434977997345,0.0,inf,652.5784483965008,inf
0.1,0.0,0.1,2.0,12.0,0.0,2.0,-1.1115024448501742,0.0,inf,1082.622420112703,inf
0.1,0.0,0.1,1.0,2.0,0.0,2.0,-19.016295589442475,0.0,inf,9.045350115765828,inf
0.1,0.0,0.1,2.0,9.0,0.0,2.0,-3.980417925693884,0.0,inf,4.742436161531481,inf
0.1,0.0,0.1,2.0,13.0,0.0,2.0,-0.3905961043898376,0.0,inf,652.5784483965008,inf
0.1,0.0,0.1,2.0,12.0,0.0,4.0,9.048853149100582,0.0,inf,1083.6015729990204,inf
0.1,0.0,0.1,2.0,13.0,0.0,2.0,-0.3903099849499547,0.0,inf,652.5784483965008,inf
0.1,0.0,0.1,2.0,11.0,0.0,2.0,-1.9487636998640312,0.0,inf,857.3244664396834,inf
0.1,0.0,0.1,2.0,14.0,0.0,0.0,-8.79211501384007,0.0,inf,1702.471315184154,inf
0.1,0.0,0.1,2.0,14.0,0.0,2.0,0.2561405614619616,0.0,inf,1702.471315184154,inf
0.1,0.0,0.1,2.0,13.0,0.0,0.0,-9.745925352912503,0.0,inf,652.5784483965008,inf
0.1,0.0,0.1,2.0,5.0,0.0,4.0,3.47638478149487,0.0,inf,0.9543683944771795,inf
0.1,0.0,0.1,2.0,11.0,0.0,2.0,-1.9487837330205962,0.0,inf,857.3244664396834,inf
0.1,0.0,0.1,1.0,13.0,0.0,2.0,-2.4381978452737663,0.0,inf,532.9872547573164,inf
0.1,0.0,0.1,2.0,13.0,0.0,2.0,-0.3902579720681132,0.0,inf,652.5784483965008,inf
0.1,0.0,0.1,2.0,11.0,4.0,0.0,-9.615543054048716,0.056254011827,0.04327957157059955,857.3244664396834,428.683873005627
0.1,0.0,0.1,2.0,12.0,1.0,2.0,-0.7675588423174329,0.013664519431,0.13619591954166543,1082.035893376648,541.0860446480948
0.1,0.0,0.1,2.0,5.0,0.0,2.0,-9.708555948017516,0.0,inf,0.9543683944771795,inf
0.1,0.0,0.1,2.0,6.0,0.0,2.0,-8.046835213517522,0.0,inf,724.9191265930925,inf
0.1,0.0,0.1,2.0,11.0,0.0,2.0,-1.9489344961170032,0.0,inf,857.3244664396834,inf
0.1,0.0,0.1,2.0,14.0,4.0,0.0,-11.06095217293623,0.080723610976,0.042080888415781365,1702.471315184154,851.2566980362849
0.1,0.0,0.1,2.0,13.0,0.0,2.0,-0.3906263854416281,0.0,inf,652.5784483965008,inf
0.1,0.0,0.1,1.0,6.0,0.0,2.0,-11.590204070331222,0.0,inf,3.4222696501402936,inf
0.1,0.0,0.1,2.0,13.0,0.0,1.0,-5.227415334220504,0.0,inf,652.5784483965008,inf
0.1,0.0,0.1,2.0,15.0,1.0,1.0,-3.6129783048038178,0.020475976666,0.11554382961026177,626.6957830769787,313.4056634532945
0.1,0.0,0.1,2.0,13.0,0.0,2.0,-0.39091574594787737,0.0,inf,652.5784483965008,inf
0.1,0.0,0.1,2.0,13.0,0.0,2.0,-0.3906731065967062,0.0,inf,652.5784483965008,inf
0.1,0.0,0.1,2.0,13.0,0.0,2.0,-0.39065308552717504,0.0,inf,652.5784483965008,inf
0.1,0.0,0.1,2.0,14.0,0.0,0.0,-8.792119923897737,0.0,inf,1702.471315184154,inf
0.1,0.0,0.1,2.0,13.0,0.0,2.0,-0.39068667947899977,0.0,inf,652.5784483965008,inf
0.1,0.0,0.1,2.0,12.0,4.0,2.0,1.6718030464934677,0.064699244517,0.04148749106791676,1081.6664808028247,540.8539841469463
0.1,0.0,0.1,1.0,9.0,0.0,2.0,-7.146739891399437,0.0,inf,856.3083359596955,inf
0.1,0.0,0.1,2.0,12.0,0.0,2.0,-1.1116413214677667,0.0,inf,1082.622420112703,inf
0.1,0.0,0.1,2.0,12.0,4.0,4.0,8.87068406285814,0.060359826639,0.047731233643711,1083.123646798003,541.5856890158233
0.1,0.0,0.1,2.0,12.0,0.0,0.0,-10.952134359335894,0.0,inf,1086.1104380827157,inf
0.1,0.0,0.1,2.0,11.0,0.0,2.0,-1.948804818948684,0.0,inf,857.3244664396834,inf
0.1,0.0,0.1,2.0,15.0,0.0,2.0,0.7920877810520376,0.0,inf,626.6957830769787,inf
0.1,0.0,0.1,2.0,13.0,3.0,5.0,14.277980774433772,0.044950576423,0.05443511055284249,652.5784483965008,326.3164417535268
0.1,0.0,0.1,1.0,2.0,0.0,2.0,-19.00242455343799,0.0,inf,9.045350115765828,inf
0.1,0.0,0.1,2.0,15.0,0.0,4.0,9.858057470638197,0.0,inf,626.6957830769787,inf
0.1,0.0,0.1,2.0,12.0,0.0,2.0,-1.1123279957979104,0.0,inf,1082.622420112703,inf
0.1,0.0,0.1,2.0,15.0,0.0,2.0,0.7919922105390498,0.0,inf,626.6957830769787,inf
0.1,0.0,0.1,2.0,13.0,0.0,2.0,-0.39028202962397174,0.0,inf,652.5784483965008,inf
0.1,0.0,0.1,2.0,12.0,0.0,2.0,-1.1123686431781188,0.0,inf,1082.622420112703,inf
0.1,0.0,0.1,2.0,13.0,0.0,2.0,-0.39033618743300913,0.0,inf,652.5784483965008,inf
0.1,0.0,0.1,2.0,6.0,0.0,2.0,-8.046890627988553,0.0,inf,724.9191265930925,inf
0.1,0.0,0.1,2.0,13.0,0.0,2.0,-0.3902905453041683,0.0,inf,652.5784483965008,inf
0.1,0.0,0.1,2.0,13.0,0.0,2.0,-0.3906541075976655,0.0,inf,652.5784483965008,inf
0.1,0.0,0.1,1.0,13.0,0.0,2.0,-2.4381382727937417,0.0,inf,532.9872547573164,inf
0.1,0.0,0.1,2.0,13.0,0.0,2.0,-0.39061023511134607,0.0,inf,652.5784483965008,inf
0.1,0.0,0.1,2.0,13.0,0.0,1.0,-5.227441427627957,0.0,inf,652.5784483965008,inf
0.1,0.0,0.1,2.0,13.0,0.0,2.0,-0.39032605741399884,0.0,inf,652.5784483965008,inf
0.1,0.0,0.1,2.0,6.0,0.0,2.0,-8.046890733515314,0.0,inf,724.9191265930925,inf
0.1,0.0,0.1,2.0,6.0,0.0,2.0,-8.046889587093432,0.0,inf,724.9191265930925,inf
0.1,0.0,0.1,1.0,9.0,0.0,2.0,-7.146675229675195,0.0,inf,856.3083359596955,inf
0.1,0.0,0.1,1.0,9.0,4.0,2.0,-6.6715195820907525,0.027775784671,0.0379149313862421,856.3083359596955,428.17312544554085
0.1,0.0,0.1,2.0,12.0,0.0,0.0,-10.952238964538829,0.0,inf,1086.1104380827157,inf
0.1,0.0,0.1,2.0,13.0,0.0,2.0,-0.39031941570158324,0.0,inf,652.5784483965008,inf
0.1,0.0,0.1,2.0,9.0,0.0,2.0,-3.9800054088579713,0.0,inf,4.742436161531481,inf
0.1,0.0,0.1,2.0,15.0,0.0,2.0,0.7921244003791816,0.0,inf,626.6957830769787,inf
0.1,0.0,0.1,2.0,14.0,0.0,0.0,-8.792082769385097,0.0,inf,1702.471315184154,inf
0.1,0.0,0.1,2.0,15.0,0.0,2.0,0.7920575465150659,0.0,inf,626.6957830769787,inf
0.1,0.0,0.1,2.0,13.0,2.0,1.0,-5.1360146720316635,0.033616853944,0.06646004176124758,652.5784483965008,326.32245421913103
0.1,0.0,0.1,2.0,6.0,0.0,2.0,-8.04687376204984,0.0,inf,724.9191265930925,inf
0.1,0.0,0.1,2.0,12.0,0.0,0.0,-10.95222288813928,0.0,inf,1086.1104380827157,inf
0.1,0.0,0.1,2.0,11.0,0.0,2.0,-1.9488858620754712,0.0,inf,857.3244664396834,inf
0.1,0.0,0.1,2.0,14.0,0.0,0.0,-8.792132082149458,0.0,inf,1702.471315184154,inf
0.1,0.0,0.1,2.0,5.0,0.0,2.0,-9.709835499369834,0.0,inf,0.9543683944771795,inf
0.1,0.0,0.1,2.0,11.0,0.0,2.0,-1.9487884937543765,0.0,inf,857.3244664396834,inf
0.1,0.0,0.1,2.0,12.0,0.0,4.0,9.048783730532497,0.0,inf,1083.6015729990204,inf
0.1,0.0,0.1,2.0,14.0,0.0,2.0,0.25605878878581123,0.0,inf,1702.471315184154,inf
0.1,0.0,0.1,2.0,11.0,0.0,2.0,-1.9487902620632713,0.0,inf,857.3244664396834,inf
0.1,0.0,0.1,1.0,4.0,0.0,0.0,-32.18115911782301,0.0,inf,0.6794847104528057,inf
0.1,0.0,0.1,2.0,14.0,0.0,2.0,0.25611206371916495,0.0,inf,1702.471315184154,inf
0.1,0.0,0.1,2.0,11.0,0.0,2.0,-1.9487683764207195,0.0,inf,857.3244664396834,inf
0.1,0.0,0.1,2.0,14.0,0.0,2.0,0.2561079127869359,0.0,inf,1702.471315184154,inf
0.1,0.0,0.1,2.0,12.0,0.0,2.0,-1.1117403580101826,0.0,inf,1082.622420112703,inf
0.1,0.0,0.1,2.0,12.0,0.0,2.0,-1.1125703404552212,0.0,inf,1082.622420112703,inf
0.1,0.0,0.1,2.0,13.0,0.0,2.0,-0.39095397228281925,0.0,inf,652.5784483965008,inf
0.1,0.0,0.1,2.0,13.0,0.0,2.0,-0.3903123693554722,0.0,inf,652.5784483965008,inf
0.1,0.0,0.1,2.0,15.0,0.0,2.0,0.7921221137583867,0.0,inf,626.6957830769787,inf
0.1,0.0,0.1,2.0,1.0,0.0,2.0,-8.427283445378505,0.0,inf,16.75037490785495,inf
0.1,0.0,0.1,2.0,12.0,0.0,4.0,9.048464042496489,0.0,inf,1083.6015729990204,inf
0.1,0.0,0.1,2.0,13.0,0.0,1.0,-5.22739455666005,0.0,inf,652.5784483965008,inf
0.1,0.0,0.1,1.0,9.0,0.0,2.0,-7.146682072408477,0.0,inf,856.3083359596955,inf
0.1,0.0,0.1,2.0,11.0,0.0,2.0,-1.9487777740232117,0.0,inf,857.3244664396834,inf
0.1,0.0,0.1,2.0,15.0,0.0,4.0,9.8580549543132,0.0,inf,626.6957830769787,inf
0.1,0.0,0.1,2.0,5.0,0.0,4.0,3.476241478857904,0.0,inf,0.9543683944771795,inf
0.1,0.0,0.1,2.0,6.0,0.0,2.0,-8.046886756324344,0.0,inf,724.9191265930925,inf
0.1,0.0,0.1,2.0,13.0,0.0,0.0,-9.745930066105553,0.0,inf,652.5784483965008,inf
0.1,0.0,0.1,2.0,5.0,0.0,2.0,-9.708621875357997,0.0,inf,0.9543683944771795,inf
0.1,0.0,0.1,2.0,13.0,0.0,2.0,-0.3906135992177351,0.0,inf,652.5784483965008,inf
0.1,0.0,0.1,1.0,2.0,0.0,2.0,-18.999044645319422,0.0,inf,9.045350115765828,inf
0.1,0.0,0.1,2.0,6.0,0.0,2.0,-8.04678832377724,0.0,inf,724.9191265930925,inf
0.1,0.0,0.1,2.0,5.0,0.0,3.0,-3.004868016849711,0.0,inf,0.9543683944771795,inf
0.1,0.0,0.1,2.0,15.0,0.0,2.0,0.7922345473024793,0.0,inf,626.6957830769787,inf
0.1,0.0,0.1,1.0,13.0,0.0,2.0,-2.4380573131901873,0.0,inf,532.9872547573164,inf
0.1,0.0,0.1,2.0,13.0,0.0,2.0,-0.3906318959831889,0.0,inf,652.5784483965008,inf
0.1,0.0,0.1,2.0,1.0,0.0,2.0,-8.4275961933129,0.0,inf,16.75037490785495,inf
0.1,0.0,0.1,2.0,5.0,0.0,4.0,3.479638702051498,0.0,inf,0.9543683944771795,inf
0.1,0.0,0.1,2.0,13.0,0.0,2.0,-0.3902685514203874,0.0,inf,652.5784483965008,inf
0.1,0.0,0.1,1.0,2.0,0.0,2.0,-19.008129262081717,0.0,inf,9.045350115765828,inf
0.1,0.0,0.1,2.0,13.0,0.0,1.0,-5.2274363365876075,0.0,inf,652.5784483965008,inf
0.1,0.0,0.1,2.0,6.0,4.0,2.0,-7.692629471509216,0.021898973332,0.060763314463494686,724.9191265930925,362.48994495377804
0.1,0.0,0.1,2.0,14.0,0.0,2.0,0.2561283376495105,0.0,inf,1702.471315184154,inf
0.1,0.0,0.1,2.0,12.0,0.0,2.0,-1.111901486252922,0.0,inf,1082.622420112703,inf
0.1,0.0,0.1,2.0,12.0,0.0,2.0,-1.1118217991757717,0.0,inf,1082.622420112703,inf
0.1,0.0,0.1,1.0,13.0,0.0,2.0,-2.438150123228242,0.0,inf,532.9872547573164,inf
0.1,0.0,0.1,2.0,11.0,0.0,2.0,-1.9489042944806467,0.0,inf,857.3244664396834,inf
0.1,0.0,0.1,2.0,14.0,0.0,0.0,-8.792169916678723,0.0,inf,1702.471315184154,inf
0.1,0.0,0.1,2.0,11.0,0.0,2.0,-1.94881913253802,0.0,inf,857.3244664396834,inf
0.1,0.0,0.1,2.0,13.0,0.0,2.0,-0.3902838752078619,0.0,inf,652.5784483965008,inf
0.1,0.0,0.1,2.0,13.0,0.0,0.0,-9.74592314117421,0.0,inf,652.5784483965008,inf
0.1,0.0,0.1,2.0,5.0,0.0,2.0,-9.708611345220074,0.0,inf,0.9543683944771795,inf
0.1,0.0,0.1,1.0,9.0,0.0,2.0,-7.146616279096736,0.0,inf,856.3083359596955,inf
0.1,0.0,0.1,2.0,6.0,0.0,2.0,-8.04684943282965,0.0,inf,724.9191265930925,inf
0.1,0.0,0.1,2.0,6.0,0.0,2.0,-8.046849612934496,0.0,inf,724.9191265930925,inf
0.1,0.0,0.1,2.0,15.0,0.0,2.0,0.7921121777112193,0.0,inf,626.6957830769787,inf
0.1,0.0,0.1,2.0,12.0,0.0,4.0,9.048474117074008,0.0,inf,1083.6015729990204,inf
0.1,0.0,0.1,2.0,11.0,0.0,2.0,-1.9488263216000854,0.0,inf,857.3244664396834,inf
0.1,0.0,0.1,2.0,6.0,0.0,2.0,-8.046837401945144,0.0,inf,724.9191265930925,inf
0.1,0.0,0.1,2.0,12.0,0.0,4.0,9.05048599901824,0.0,inf,1083.6015729990204,inf
0.1,0.0,0.1,2.0,6.0,0.0,2.0,-8.046890954590017,0.0,inf,724.9191265930925,inf
0.1,0.0,0.1,2.0,13.0,0.0,2.0,-0.39067585221216566,0.0,inf,652.5784483965008,inf
0.1,0.0,0.1,2.0,5.0,0.0,2.0,-9.70619128702626,0.0,inf,0.9543683944771795,inf
0.1,0.0,0.1,2.0,14.0,0.0,2.0,0.2561609516690577,0.0,inf,1702.471315184154,inf
0.1,0.0,0.1,2.0,5.0,0.0,2.0,-9.705133663452132,0.0,inf,0.9543683944771795,inf
0.1,0.0,0.1,2.0,6.0,0.0,2.0,-8.046842211818364,0.0,inf,724.9191265930925,inf
0.1,0.0,0.1,1.0,13.0,0.0,2.0,-2.4380355613535443,0.0,inf,532.9872547573164,inf
0.1,0.0,0.1,2.0,13.0,0.0,2.0,-0.39064720063788805,0.0,inf,652.5784483965008,inf
0.1,0.0,0.1,2.0,9.0,0.0,2.0,-3.9799784839050556,0.0,inf,4.742436161531481,inf
0.1,0.0,0.1,2.0,13.0,0.0,2.0,-0.3906169925561098,0.0,inf,652.5784483965008,inf
0.1,0.0,0.1,2.0,1.0,0.0,2.0,-8.427146377302982,0.0,inf,16.75037490785495,inf
0.1,0.0,0.1,2.0,11.0,0.0,2.0,-1.9488739192775117,0.0,inf,857.3244664396834,inf
0.1,0.0,0.1,2.0,14.0,0.0,2.0,0.2561543011362577,0.0,inf,1702.471315184154,inf
0.1,0.0,0.1,1.0,13.0,0.0,1.0,-10.251348078717335,0.0,inf,532.9872547573164,inf
0.1,0.0,0.1,2.0,9.0,0.0,2.0,-3.9810977662318336,0.0,inf,4.742436161531481,inf
0.1,0.0,0.1,2.0,12.0,0.0,4.0,9.048520489393157,0.0,inf,1083.6015729990204,inf
0.1,0.0,0.1,1.0,14.0,0.0,0.0,-16.61444329407629,0.0,inf,14.406113361975429,inf
0.1,0.0,0.1,2.0,11.0,0.0,2.0,-1.9486340364212928,0.0,inf,857.3244664396834,inf
0.1,0.0,0.1,2.0,13.0,0.0,2.0,-0.39029154418538603,0.0,inf,652.5784483965008,inf
0.1,0.0,0.1,1.0,12.0,0.0,0.0,-19.07041481883237,0.0,inf,817.8129368381874,inf
0.1,0.0,0.1,2.0,13.0,0.0,2.0,-0.3902609110588262,0.0,inf,652.5784483965008,inf
0.1,0.0,0.1,2.0,14.0,0.0,2.0,0.25611409963823384,0.0,inf,1702.471315184154,inf
0.1,0.0,0.1,2.0,15.0,0.0,2.0,0.7920680497977274,0.0,inf,626.6957830769787,inf
0.1,0.0,0.1,1.0,9.0,0.0,2.0,-7.146612765535024,0.0,inf,856.3083359596955,inf
0.1,0.0,0.1,2.0,11.0,0.0,2.0,-1.9490675107929345,0.0,inf,857.3244664396834,inf
0.1,0.0,0.1,1.0,4.0,0.0,0.0,-32.181172264023324,0.0,inf,0.6794847104528057,inf
0.1,0.0,0.1,2.0,5.0,0.0,2.0,-9.705480094268175,0.0,inf,0.9543683944771795,inf
0.1,0.0,0.1,2.0,13.0,0.0,2.0,-0.39092478399407327,0.0,inf,652.5784483965008,inf
0.1,0.0,0.1,2.0,13.0,0.0,2.0,-0.3906526519836718,0.0,inf,652.5784483965008,inf
0.1,0.0,0.1,2.0,11.0,0.0,2.0,-1.9485539526453,0.0,inf,857.3244664396834,inf
0.1,0.0,0.1,1.0,2.0,0.0,2.0,-19.02231563453088,0.0,inf,9.045350115765828,inf
0.1,0.0,0.1,1.0,13.0,0.0,2.0,-2.4381220912101043,0.0,inf,532.9872547573164,inf
0.1,0.0,0.1,2.0,11.0,0.0,2.0,-1.9489603652618557,0.0,inf,857.3244664396834,inf
0.1,0.0,0.1,2.0,13.0,0.0,2.0,-0.39064845476993965,0.0,inf,652.5784483965008,inf
0.1,0.0,0.1,2.0,12.0,0.0,2.0,-1.1116592111053958,0.0,inf,1082.622420112703,inf
0.1,0.0,0.1,2.0,15.0,0.0,4.0,9.858043933751386,0.0,inf,626.6957830769787,inf
0.1,0.0,0.1,2.0,15.0,0.0,2.0,0.792154753876435,0.0,inf,626.6957830769787,inf
0.1,0.0,0.1,2.0,13.0,0.0,2.0,-0.3902973378661212,0.0,inf,652.5784483965008,inf
0.1,0.0,0.1,2.0,6.0,0.0,2.0,-8.046860097058746,0.0,inf,724.9191265930925,inf
0.1,0.0,0.1,2.0,13.0,0.0,2.0,-0.39062728997538265,0.0,inf,652.5784483965008,inf
0.1,0.0,0.1,2.0,12.0,0.0,2.0,-1.1118960379352405,0.0,inf,1082.622420112703,inf
0.1,0.0,0.1,2.0,9.0,0.0,2.0,-3.9806178632055733,0.0,inf,4.742436161531481,inf
0.1,0.0,0.1,2.0,5.0,0.0,4.0,3.473782083653347,0.0,inf,0.9543683944771795,inf
0.1,0.0,0.1,2.0,5.0,0.0,2.0,-9.709316861338765,0.0,inf,0.9543683944771795,inf
0.1,0.0,0.1,2.0,13.0,0.0,2.0,-0.3902831913616467,0.0,inf,652.5784483965008,inf
0.1,0.0,0.1,2.0,13.0,2.0,2.0,-0.1430002884487891,0.035321405598,0.06362187879995478,652.5784483965008,326.32103513765037
0.1,0.0,0.1,2.0,11.0,0.0,2.0,-1.948770952291836,0.0,inf,857.3244664396834,inf
0.1,0.0,0.1,2.0,6.0,0.0,2.0,-8.046853179833805,0.0,inf,724.9191265930925,inf
0.1,0.0,0.1,1.0,9.0,0.0,2.0,-7.1470304395576845,0.0,inf,856.3083359596955,inf
0.1,0.0,0.1,2.0,5.0,0.0,0.0,-22.34433134904748,0.0,inf,0.9543683944771795,inf
0.1,0.0,0.1,2.0,14.0,0.0,2.0,0.25613060108027774,0.0,inf,1702.471315184154,inf
0.1,0.0,0.1,1.0,9.0,0.0,2.0,-7.146440748197444,0.0,inf,856.3083359596955,inf
0.1,0.0,0.1,2.0,5.0,0.0,2.0,-9.709013847851175,0.0,inf,0.9543683944771795,inf
0.1,0.0,0.1,2.0,13.0,0.0,1.0,-5.227425013382367,0.0,inf,652.5784483965008,inf
0.1,0.0,0.1,2.0,9.0,0.0,2.0,-3.9801794899783265,0.0,inf,4.742436161531481,inf
0.1,0.0,0.1,2.0,15.0,0.0,2.0,0.7921277040144137,0.0,inf,626.6957830769787,inf
0.1,0.0,0.1,2.0,15.0,0.0,2.0,0.792106296275712,0.0,inf,626.6957830769787,inf
0.1,0.0,0.1,2.0,9.0,0.0,2.0,-3.9802917457331737,0.0,inf,4.742436161531481,inf
0.1,0.0,0.1,2.0,11.0,0.0,2.0,-1.9487655604765575,0.0,inf,857.3244664396834,inf
0.1,0.0,0.1,2.0,13.0,0.0,2.0,-0.3906402413516741,0.0,inf,652.5784483965008,inf
0.1,0.0,0.1,2.0,13.0,0.0,2.0,-0.3906570365416329,0.0,inf,652.5784483965008,inf
0.1,0.0,0.1,2.0,12.0,0.0,0.0,-10.952167851186339,0.0,inf,1086.1104380827157,inf
0.1,0.0,0.1,2.0,4.0,0.0,2.0,-11.440129066169083,0.0,inf,1.524734730403648,inf
0.1,0.0,0.1,2.0,13.0,0.0,2.0,-0.3905992623815546,0.0,inf,652.5784483965008,inf
0.1,0.0,0.1,2.0,11.0,0.0,2.0,-1.9487641232505748,0.0,inf,857.3244664396834,inf
0.1,0.0,0.1,2.0,1.0,4.0,2.0,3.8404670890255415,0.000614258169,0.3027834799540126,16.75037490785495,8.526579193904482
0.1,0.0,0.1,2.0,6.0,0.0,2.0,-8.046873190474123,0.0,inf,724.9191265930925,inf
0.1,0.0,0.1,2.0,14.0,0.0,2.0,0.25612580008736785,0.0,inf,1702.471315184154,inf
0.1,0.0,0.1,1.0,2.0,0.0,0.0,-35.492708037658616,0.0,inf,5.437950965835586,inf
0.1,0.0,0.1,1.0,14.0,0.0,2.0,-1.2686252782041407,0.0,inf,14.406113361975429,inf
0.1,0.0,0.1,1.0,9.0,0.0,2.0,-7.14647874313726,0.0,inf,856.3083359596955,inf
0.1,0.0,0.1,2.0,14.0,0.0,2.0,0.25614119714936656,0.0,inf,1702.471315184154,inf
0.1,0.0,0.1,2.0,13.0,0.0,0.0,-9.7458854597489,0.0,inf,652.5784483965008,inf
0.1,0.0,0.1,2.0,13.0,1.0,2.0,-0.39788380255878053,0.016783788901,0.12140032468345686,652.5784483965008,326.3499243605921
0.1,0.0,0.1,2.0,13.0,0.0,2.0,-0.3906251185945652,0.0,inf,652.5784483965008,inf
0.1,0.0,0.1,2.0,5.0,0.0,4.0,3.4801008596284966,0.0,inf,0.9543683944771795,inf
0.1,0.0,0.1,2.0,6.0,0.0,2.0,-8.046923778036588,0.0,inf,724.9191265930925,inf
0.1,0.0,0.1,1.0,13.0,0.0,2.0,-2.438147733914704,0.0,inf,532.9872547573164,inf
0.1,0.0,0.1,2.0,1.0,0.0,2.0,-8.427335163527868,0.0,inf,16.75037490785495,inf
0.1,0.0,0.1,2.0,13.0,0.0,1.0,-5.227368674759694,0.0,inf,652.5784483965008,inf
0.1,0.0,0.1,2.0,13.0,2.0,2.0,-0.13753052363376206,0.035320410936,0.0636231857005255,652.5784483965008,326.32103579110066
0.1,0.0,0.1,2.0,11.0,0.0,2.0,-1.9488602032411964,0.0,inf,857.3244664396834,inf
0.1,0.0,0.1,1.0,9.0,0.0,2.0,-7.146982000779638,0.0,inf,856.3083359596955,inf
0.1,0.0,0.1,2.0,14.0,0.0,2.0,0.2560808297145378,0.0,inf,1702.471315184154,inf
0.1,0.0,0.1,2.0,13.0,0.0,3.0,4.487698145481174,0.0,inf,652.5784483965008,inf
0.1,0.0,0.1,1.0,9.0,0.0,2.0,-7.146427776160777,0.0,inf,856.3083359596955,inf
0.1,0.0,0.1,2.0,4.0,0.0,2.0,-11.440470905982387,0.0,inf,1.524734730403648,inf
0.1,0.0,0.1,1.0,2.0,0.0,2.0,-19.028947043278038,0.0,inf,9.045350115765828,inf
0.1,0.0,0.1,2.0,5.0,0.0,2.0,-9.706214420831518,0.0,inf,0.9543683944771795,inf
0.1,0.0,0.1,1.0,13.0,0.0,2.0,-2.438115637448517,0.0,inf,532.9872547573164,inf
0.1,0.0,0.1,1.0,2.0,0.0,2.0,-19.165546485348962,0.0,inf,9.045350115765828,inf
0.1,0.0,0.1,2.0,12.0,0.0,0.0,-10.952292502734098,0.0,inf,1086.1104380827157,inf
0.1,0.0,0.1,2.0,9.0,0.0,2.0,-3.9804089125834086,0.0,inf,4.742436161531481,inf
0.1,0.0,0.1,2.0,12.0,0.0,2.0,-1.1121929558598609,0.0,inf,1082.622420112703,inf
0.1,0.0,0.1,2.0,11.0,0.0,2.0,-1.9488005320480986,0.0,inf,857.3244664396834,inf
0.1,0.0,0.1,2.0,6.0,0.0,2.0,-8.046893662621827,0.0,inf,724.9191265930925,inf
0.1,0.0,0.1,2.0,6.0,0.0,2.0,-8.046870201916393,0.0,inf,724.9191265930925,inf
0.1,0.0,0.1,2.0,14.0,0.0,2.0,0.2561551002901119,0.0,inf,1702.471315184154,inf
0.1,0.0,0.1,2.0,6.0,0.0,2.0,-8.046900962276386,0.0,inf,724.9191265930925,inf
0.1,0.0,0.1,2.0,13.0,0.0,0.0,-9.745944670755131,0.0,inf,652.5784483965008,inf
0.1,0.0,0.1,2.0,9.0,0.0,2.0,-3.980112313146247,0.0,inf,4.742436161531481,inf
0.1,0.0,0.1,2.0,9.0,0.0,2.0,-3.9806395718069965,0.0,inf,4.742436161531481,inf
0.1,0.0,0.1,2.0,13.0,0.0,2.0,-0.3909053475140034,0.0,inf,652.5784483965008,inf
0.1,0.0,0.1,1.0,9.0,0.0,2.0,-7.147007168374091,0.0,inf,856.3083359596955,inf
0.1,0.0,0.1,2.0,12.0,0.0,0.0,-10.952030005748385,0.0,inf,1086.1104380827157,inf
0.1,0.0,0.1,2.0,13.0,0.0,2.0,-0.39064054087051936,0.0,inf,652.5784483965008,inf
0.1,0.0,0.1,2.0,7.0,0.0,2.0,-6.277957660628357,0.0,inf,614.5617591494271,inf
0.1,0.0,0.1,2.0,9.0,0.0,2.0,-3.9800950666422663,0.0,inf,4.742436161531481,inf
0.1,0.0,0.1,2.0,15.0,0.0,2.0,0.7921008349115688,0.0,inf,626.6957830769787,inf
0.1,0.0,0.1,2.0,5.0,0.0,0.0,-22.344353083238282,0.0,inf,0.9543683944771795,inf
0.1,0.0,0.1,2.0,3.0,0.0,2.0,-12.786021040149548,0.0,inf,1.5889149947880592,inf
0.1,0.0,0.1,2.0,13.0,0.0,2.0,-0.390632795270438,0.0,inf,652.5784483965008,inf
0.1,0.0,0.1,2.0,5.0,0.0,4.0,3.4737805817261784,0.0,inf,0.9543683944771795,inf
0.1,0.0,0.1,2.0,11.0,0.0,2.0,-1.9487967819944088,0.0,inf,857.3244664396834,inf
0.1,0.0,0.1,1.0,13.0,0.0,2.0,-2.4380678161230307,0.0,inf,532.9872547573164,inf
0.1,0.0,0.1,2.0,13.0,0.0,2.0,-0.39063663736293996,0.0,inf,652.5784483965008,inf
0.1,0.0,0.1,2.0,5.0,0.0,1.0,-16.275029473200995,0.0,inf,0.9543683944771795,inf
0.1,0.0,0.1,2.0,1.0,0.0,2.0,-8.427272652135965,0.0,inf,16.75037490785495,inf
0.1,0.0,0.1,2.0,12.0,0.0,0.0,-10.952196036386743,0.0,inf,1086.1104380827157,inf
0.1,0.0,0.1,1.0,9.0,0.0,2.0,-7.146418444996354,0.0,inf,856.3083359596955,inf
0.1,0.0,0.1,2.0,11.0,0.0,2.0,-1.948799488138455,0.0,inf,857.3244664396834,inf
0.1,0.0,0.1,2.0,14.0,0.0,2.0,0.25604988929689654,0.0,inf,1702.471315184154,inf
0.1,0.0,0.1,2.0,4.0,4.0,2.0,-13.9918819749916,0.009741816185,0.08636975837170345,1.524734730403648,0.8055522443876757
0.1,0.0,0.1,2.0,6.0,0.0,2.0,-8.046879083339435,0.0,inf,724.9191265930925,inf
0.1,0.0,0.1,2.0,5.0,0.0,2.0,-9.707706472232918,0.0,inf,0.9543683944771795,inf
0.1,0.0,0.1,2.0,14.0,0.0,2.0,0.25615499352316995,0.0,inf,1702.471315184154,inf
0.1,0.0,0.1,2.0,5.0,0.0,0.0,-22.344339232218562,0.0,inf,0.9543683944771795,inf
0.1,0.0,0.1,2.0,15.0,0.0,2.0,0.7922112429255446,0.0,inf,626.6957830769787,inf
0.1,0.0,0.1,2.0,13.0,0.0,2.0,-0.39024569603526515,0.0,inf,652.5784483965008,inf
0.1,0.0,0.1,2.0,5.0,0.0,4.0,3.4800695849951246,0.0,inf,0.9543683944771795,inf
0.1,0.0,0.1,2.0,13.0,0.0,2.0,-0.39062341035097425,0.0,inf,652.5784483965008,inf
0.1,0.0,0.1,2.0,9.0,0.0,2.0,-3.9805227556459633,0.0,inf,4.742436161531481,inf
0.1,0.0,0.1,2.0,6.0,0.0,2.0,-8.046832295044153,0.0,inf,724.9191265930925,inf
0.1,0.0,0.1,2.0,15.0,0.0,4.0,9.858053183845517,0.0,inf,626.6957830769787,inf
0.1,0.0,0.1,2.0,13.0,0.0,2.0,-0.39060879213703714,0.0,inf,652.5784483965008,inf
